memory_initialization_radix=10;
memory_initialization_vector =

	0,15,15,15,10,15,15,15,15,15,0,0,0,0,6,
	0,15,15,9,9,15,15,9,15,15,0,15,11,15,15,
	0,12,15,9,9,15,15,9,15,15,0,15,15,15,15,
	0,15,15,9,9,15,15,15,15,15,0,15,9,9,9,
	0,15,15,9,9,15,15,9,15,15,0,15,9,9,9,
	0,0,15,9,9,15,15,9,15,15,0,15,15,15,15,
	15,0,15,15,15,15,13,0,14,15,0,15,15,15,15,
	15,0,0,0,0,15,15,0,15,15,0,15,15,15,15,
	9,15,15,15,0,15,15,0,15,15,0,15,15,15,9,
	9,9,15,15,0,0,0,2,0,0,0,15,15,9,9;