memory_initialization_radix=10;
memory_initialization_vector =

	2,2,5,2,2,2,7,1,1,1,
	2,4,4,2,4,2,3,2,5,2,
	5,4,4,2,4,2,3,2,2,2,
	2,4,4,5,4,5,3,2,4,4,
	2,4,4,2,4,2,3,2,4,4,
	8,4,4,2,4,2,3,2,4,4,
	3,2,2,5,2,5,3,2,2,2,
	9,1,8,2,2,2,3,2,2,2,
	2,2,3,2,2,2,3,2,2,4,
	4,2,9,1,1,1,8,2,4,4;